Type,Name,Request Count,Failure Count,Median Response Time,Average Response Time,Min Response Time,Max Response Time,Average Content Size,Requests/s,Failures/s,50%,66%,75%,80%,90%,95%,98%,99%,99.9%,99.99%,100%
GET,/,9139,0,8,10.12593370631321,2.0248239998181816,324.6023190000642,80117.0,2.169759044214841,0.0,8,9,11,13,18,25,36,44,220,320,320
GET,/.env/[GET_FILE_ENUM],104,104,2,2.7323213268590942,1.1127589996249299,20.12535999983811,23.0,0.024691425823212987,0.024691425823212987,2,3,4,4,4,5,5,6,20,20,20
GET,/.git/config/[GET_FILE_ENUM],101,101,2,2.4996918812098783,1.0917269992205547,20.443882999643392,23.0,0.02397917315523569,0.02397917315523569,2,3,3,3,4,4,5,6,20,20,20
GET,/.well-known/security.txt,302,0,5,6.425260890717402,1.533960999950068,42.035936999809564,475.0,0.07170010190971464,0.0,5,5,6,7,13,21,26,31,42,42,42
GET,/LICENSE/[GET_FILE_ENUM],97,18,12,11.957970092760323,1.1111379999420024,48.72867700032657,65254.19587628866,0.023029502931265957,0.004273516007863786,12,15,16,18,23,27,34,49,49,49,49
GET,/README.md/[GET_FILE_ENUM],100,16,12,12.40373382002872,1.1888099998031976,32.66164900014701,67301.96,0.023741755599243256,0.003798680895878921,12,15,17,21,24,25,26,33,33,33,33
GET,/admin/[GET_ADMIN_PAGE_ENUM],55,12,7,10.42965516365009,1.3061440004094038,49.914688000171736,62641.94545454546,0.01305796557958379,0.002849010671909191,7,11,15,17,21,31,33,50,50,50,50
GET,/admin/config.php/[GET_FILE_ENUM],88,15,9,11.55020069322952,1.5576450005028164,36.94079300021258,66464.61363636363,0.020892744927334065,0.0035612633398864886,9,13,16,17,24,29,33,37,37,37,37
GET,/administration/[GET_ADMIN_PAGE_ENUM],56,11,10,11.167723178589638,1.0986050001520198,49.30242600039492,64384.25,0.013295383135576223,0.002611593115916758,10,14,15,16,18,21,27,49,49,49,49
GET,/api-docs//[GET_ADMIN_PAGE_ENUM],54,8,6,6.930548925908995,1.3897860008000862,38.082718999248755,2649.259259259259,0.012820548023591359,0.0018993404479394605,6,7,9,10,15,17,17,38,38,38,38
POST,/api/Addresses,1558,1558,17,17.3190908241341,5.189403000031234,380.4416670000137,2883.0,0.36989655223620993,0.36989655223620993,17,19,20,21,25,29,34,39,310,380,380
POST,/api/BasketItems/,6057,6057,9,10.412942498926892,2.6309509999009606,389.5514949999779,972.0,1.438038136646164,1.438038136646164,9,10,11,12,16,21,30,36,330,390,390
POST,/api/Cards,1528,1528,9,10.267932905757759,2.958217000013974,391.72747700001764,31.0,0.36277402555643695,0.36277402555643695,9,10,11,12,17,21,29,35,48,390,390
GET,/api/Challenges,945,0,33,37.19231123068495,10.217557000032684,552.7712289999727,87211.00423280423,0.22435959041284878,0.0,33,39,44,48,59,72,91,100,550,550,550
GET,/api/Challenges/1,11,11,6,6.842933909080205,1.968441999906645,12.207472999989477,972.0,0.002611593115916758,0.002611593115916758,6,8,12,12,12,12,12,12,12,12,12
GET,/api/Challenges/10,9,9,5,4.368148555537725,1.8858569999338215,5.708189999950264,972.0,0.002136758003931893,0.002136758003931893,5,5,5,5,6,6,6,6,6,6,6
GET,/api/Challenges/11,7,7,6,7.6538730000135855,5.676364000009926,12.346169000011287,972.0,0.0016619228919470279,0.0016619228919470279,6,6,12,12,12,12,12,12,12,12,12
GET,/api/Challenges/12,10,10,5,4.597830399973191,2.4603260001185845,6.06350999987626,972.0,0.0023741755599243257,0.0023741755599243257,5,5,6,6,6,6,6,6,6,6,6
GET,/api/Challenges/13,14,14,5,8.32725728570592,1.8716770000537508,28.280323999979373,972.0,0.0033238457838940558,0.0033238457838940558,5,7,8,13,24,28,28,28,28,28,28
GET,/api/Challenges/14,12,12,6,7.955779666673379,2.1467419999225967,21.336965000045893,972.0,0.002849010671909191,0.002849010671909191,6,6,12,12,15,21,21,21,21,21,21
GET,/api/Challenges/15,8,8,6,7.517160500000841,2.145554999970045,18.57990400003473,972.0,0.0018993404479394605,0.0018993404479394605,6,6,13,13,19,19,19,19,19,19,19
GET,/api/Challenges/16,10,10,5,6.09689309994792,1.9249929998750304,12.240016999840009,972.0,0.0023741755599243257,0.0023741755599243257,5,6,9,10,12,12,12,12,12,12,12
GET,/api/Challenges/17,12,12,6,17.592661916618606,2.0825760000207083,85.38854099992932,972.0,0.002849010671909191,0.002849010671909191,6,9,27,27,39,85,85,85,85,85,85
GET,/api/Challenges/18,11,11,6,7.720878363598289,2.0327590000306373,29.558871999824987,972.0,0.002611593115916758,0.002611593115916758,6,6,10,10,12,30,30,30,30,30,30
GET,/api/Challenges/19,14,14,6,5.812330999991185,2.3223319999488012,12.643611000044075,972.0,0.0033238457838940558,0.0033238457838940558,6,6,6,7,9,13,13,13,13,13,13
GET,/api/Challenges/2,12,12,6,9.540879916613676,1.8341359998430562,44.731239999919126,972.0,0.002849010671909191,0.002849010671909191,6,6,7,7,20,45,45,45,45,45,45
GET,/api/Challenges/20,11,11,6,6.959554181796855,1.6225609999764856,17.981873999815434,972.0,0.002611593115916758,0.002611593115916758,6,7,11,11,11,18,18,18,18,18,18
GET,/api/Challenges/21,9,9,4,5.727695888885541,2.1627730000091105,20.591644999967684,972.0,0.002136758003931893,0.002136758003931893,4,5,5,6,21,21,21,21,21,21,21
GET,/api/Challenges/22,12,12,5,27.87181800001311,4.938484999911452,260.9140550000575,972.0,0.002849010671909191,0.002849010671909191,6,6,10,10,13,260,260,260,260,260,260
GET,/api/Challenges/23,11,11,6,7.853919636390443,1.808284999924581,27.548432999992656,972.0,0.002611593115916758,0.002611593115916758,6,7,8,8,15,28,28,28,28,28,28
GET,/api/Challenges/24,13,13,5,7.176902153848739,1.6577839999172284,22.64407100005883,972.0,0.0030864282279016234,0.0030864282279016234,5,6,7,9,17,23,23,23,23,23,23
GET,/api/Challenges/25,11,11,6,36.31618418179724,2.000452999936897,297.287325999946,972.0,0.002611593115916758,0.002611593115916758,6,11,15,15,42,300,300,300,300,300,300
GET,/api/Challenges/26,17,17,5,5.716720588238519,1.854929000046468,17.032306999908542,972.0,0.004036098451871354,0.004036098451871354,5,6,6,6,11,17,17,17,17,17,17
GET,/api/Challenges/27,21,21,9,14.08768757143467,3.093465999995715,51.53312600009485,972.0,0.004985768675841083,0.004985768675841083,9,12,17,20,31,41,52,52,52,52,52
GET,/api/Challenges/28,13,13,6,9.23750123078767,2.2477739998976176,41.516669000202455,972.0,0.0030864282279016234,0.0030864282279016234,6,6,6,6,21,42,42,42,42,42,42
GET,/api/Challenges/29,13,13,6,9.84123207693371,2.1265509999466303,42.04373399988981,972.0,0.0030864282279016234,0.0030864282279016234,6,7,7,9,25,42,42,42,42,42,42
GET,/api/Challenges/3,9,9,6,6.711110555569475,1.919774000043617,20.68807699993158,972.0,0.002136758003931893,0.002136758003931893,6,6,6,10,21,21,21,21,21,21,21
GET,/api/Challenges/30,12,12,6,6.462714416689626,2.35197900019557,13.795716000004177,972.0,0.002849010671909191,0.002849010671909191,6,6,9,9,10,14,14,14,14,14,14
GET,/api/Challenges/31,16,16,6,9.558154062496271,2.2219780000796163,42.077826999957324,972.0,0.003798680895878921,0.003798680895878921,6,8,12,12,24,42,42,42,42,42,42
GET,/api/Challenges/32,21,21,6,7.292404095248155,2.129416999878231,23.277566000160732,972.0,0.004985768675841083,0.004985768675841083,6,7,8,9,13,23,23,23,23,23,23
GET,/api/Challenges/33,14,14,5,6.580562642860904,2.192113000091922,14.361562999965827,972.0,0.0033238457838940558,0.0033238457838940558,6,7,7,9,14,14,14,14,14,14,14
GET,/api/Challenges/34,12,12,5,5.91792241665227,1.9438909999962561,17.97894399987854,972.0,0.002849010671909191,0.002849010671909191,5,5,7,7,7,18,18,18,18,18,18
GET,/api/Challenges/35,9,9,5,6.029090777777431,2.02089099980185,23.134134999963862,972.0,0.002136758003931893,0.002136758003931893,5,5,5,7,23,23,23,23,23,23,23
GET,/api/Challenges/36,12,12,8,8.699511666681778,2.646326000103727,14.509883000073387,972.0,0.002849010671909191,0.002849010671909191,10,10,11,11,12,15,15,15,15,15,15
GET,/api/Challenges/37,20,20,5,7.106359750008551,2.0741429998452077,17.324125999948592,972.0,0.0047483511198486514,0.0047483511198486514,6,8,8,13,16,17,17,17,17,17,17
GET,/api/Challenges/38,16,16,5,5.364399000001185,1.9007529999726103,11.037950000172714,972.0,0.003798680895878921,0.003798680895878921,5,5,6,6,10,11,11,11,11,11,11
GET,/api/Challenges/39,10,10,5,4.65293610000117,2.083956999967995,8.405175999996573,972.0,0.0023741755599243257,0.0023741755599243257,5,6,6,6,8,8,8,8,8,8,8
GET,/api/Challenges/4,12,12,6,6.0511011666335435,2.0902439998735645,9.337470999980724,972.0,0.002849010671909191,0.002849010671909191,6,7,8,8,9,9,9,9,9,9,9
GET,/api/Challenges/40,6,6,5,5.2362115000050835,3.097131000004083,7.815730999936932,972.0,0.0014245053359545955,0.0014245053359545955,5,5,6,6,8,8,8,8,8,8,8
GET,/api/Challenges/41,14,14,6,5.957668642825605,1.9862239998928999,11.622001999967324,972.0,0.0033238457838940558,0.0033238457838940558,6,7,8,8,9,12,12,12,12,12,12
GET,/api/Challenges/42,10,10,5,6.801427600009902,2.5390589999005897,19.574077000015677,972.0,0.0023741755599243257,0.0023741755599243257,5,6,6,11,20,20,20,20,20,20,20
GET,/api/Challenges/43,11,11,5,6.281305090893015,3.0862879998494464,16.17899400002898,972.0,0.002611593115916758,0.002611593115916758,5,6,6,6,10,16,16,16,16,16,16
GET,/api/Challenges/44,12,12,7,7.4408015833284935,1.9935509999413625,17.038836999972773,972.0,0.002849010671909191,0.002849010671909191,7,7,9,9,13,17,17,17,17,17,17
GET,/api/Challenges/45,14,14,5,5.966357571432062,1.7422769999484444,15.7166110000162,972.0,0.0033238457838940558,0.0033238457838940558,5,6,6,6,10,16,16,16,16,16,16
GET,/api/Challenges/46,10,10,5,5.392852500017398,1.7594339999504882,8.836111999926288,972.0,0.0023741755599243257,0.0023741755599243257,6,6,6,9,9,9,9,9,9,9,9
GET,/api/Challenges/47,3,3,11,14.835834666579709,4.275220999943485,28.76541599994198,972.0,0.0007122526679772977,0.0007122526679772977,11,11,29,29,29,29,29,29,29,29,29
GET,/api/Challenges/48,10,10,6,8.82652909999706,2.9277099999944767,31.421275000184323,972.0,0.0023741755599243257,0.0023741755599243257,6,7,9,11,31,31,31,31,31,31,31
GET,/api/Challenges/49,9,9,6,5.409048333300841,1.8553639999936422,9.887754999908793,972.0,0.002136758003931893,0.002136758003931893,6,6,9,9,10,10,10,10,10,10,10
GET,/api/Challenges/5,13,13,5,8.45469261539095,2.7060290001372778,36.94427200002792,972.0,0.0030864282279016234,0.0030864282279016234,5,6,7,10,14,37,37,37,37,37,37
GET,/api/Challenges/50,14,14,5,7.978312285672473,1.7078739999760728,20.990724999819577,972.0,0.0033238457838940558,0.0033238457838940558,5,9,12,12,16,21,21,21,21,21,21
GET,/api/Challenges/6,8,8,5,6.137061999964999,2.2393049998754577,15.756427000042095,972.0,0.0018993404479394605,0.0018993404479394605,6,7,7,7,16,16,16,16,16,16,16
GET,/api/Challenges/7,11,11,6,6.165013999975599,2.6832620001187024,11.382384999933493,972.0,0.002611593115916758,0.002611593115916758,6,6,6,6,8,11,11,11,11,11,11
GET,/api/Challenges/8,10,10,6,7.546598299995821,3.0948090000038064,24.813880000010613,972.0,0.0023741755599243257,0.0023741755599243257,6,6,7,8,25,25,25,25,25,25,25
GET,/api/Challenges/9,5,5,6,5.927431599957345,3.711936999934551,7.95821699989574,972.0,0.0011870877799621629,0.0011870877799621629,6,6,6,8,8,8,8,8,8,8,8
POST,/api/Feedbacks/,1530,1530,10,11.804270822223948,3.3557130000190227,379.00207200004843,2179.0,0.3632488606684218,0.3632488606684218,10,12,13,14,20,25,33,40,52,380,380
POST,/api/Products/{product_id}/upload/[XSS_FILE_UPLOAD_HTML_DOUBLE],401,401,15,14.408755276807305,1.206326999636076,64.33759699984876,2548.6059850374063,0.09520443995296546,0.09520443995296546,15,17,19,20,23,27,30,46,64,64,64
POST,/api/Products/{product_id}/upload/[XSS_FILE_UPLOAD_HTML_NONE],393,393,14,13.94810387276893,1.333812999746442,65.6017520000205,2453.468193384224,0.093305099505026,0.093305099505026,14,17,19,20,23,26,35,41,66,66,66
POST,/api/Products/{product_id}/upload/[XSS_FILE_UPLOAD_HTML_SINGLE],415,415,15,14.521724653002229,1.3973560003250896,77.35966300015207,2546.4939759036147,0.09852828573685951,0.09852828573685951,15,18,19,20,23,26,31,34,77,77,77
POST,/api/Products/{product_id}/upload/[XSS_FILE_UPLOAD_SVG_DOUBLE],401,401,9,10.051445728196061,1.1172849999638856,24.89825100019516,2548.6059850374063,0.09520443995296546,0.09520443995296546,9,11,14,15,17,19,20,21,25,25,25
POST,/api/Products/{product_id}/upload/[XSS_FILE_UPLOAD_SVG_NONE],393,393,9,9.696240636143505,1.2050860000272223,25.44632699982685,2453.468193384224,0.093305099505026,0.093305099505026,9,11,13,14,17,19,22,23,25,25,25
POST,/api/Products/{product_id}/upload/[XSS_FILE_UPLOAD_SVG_SINGLE],415,415,9,10.308331407223562,1.228335000178049,29.349688999900536,2546.4939759036147,0.09852828573685951,0.09852828573685951,9,12,14,15,18,20,24,24,29,29,29
GET,/api/SecurityQuestions,600,0,25,30.491103649992912,6.795268999894688,584.085535999975,1934.0,0.14245053359545953,0.0,25,32,37,40,53,65,80,89,580,580,580
GET,/api/SecurityQuestions/1,55,55,5,7.620931363625129,2.003880000074787,43.52779700002429,972.0,0.01305796557958379,0.01305796557958379,5,6,7,8,14,30,31,44,44,44,44
GET,/api/SecurityQuestions/2,59,59,6,7.424826322034725,1.7692569999780972,59.910033000051044,972.0,0.014007635803553522,0.014007635803553522,6,6,7,7,12,16,30,60,60,60,60
GET,/api/SecurityQuestions/3,60,60,6,7.321588433321343,1.7383580000114307,24.0462919998663,972.0,0.014245053359545954,0.014245053359545954,6,7,10,11,14,17,23,24,24,24,24
GET,/api/SecurityQuestions/4,56,56,5,10.250469428563795,1.8113230000835756,286.8344219999699,972.0,0.013295383135576223,0.013295383135576223,5,6,7,7,9,14,15,290,290,290,290
GET,/api/SecurityQuestions/5,51,51,6,7.393274980405723,1.8423510000502574,40.38204199991924,972.0,0.01210829535561406,0.01210829535561406,6,6,6,7,11,24,39,40,40,40,40
POST,/api/Users/,3021,444,39,43.59462846474804,7.1015299999999115,627.5378730000511,280.1704733531943,0.7172384366531388,0.10541339486064005,39,46,52,56,69,83,100,110,610,630,630
PUT,/api/Users/1,308,308,4,3.725603006499825,1.2164139999413237,30.56798099999014,23.0,0.07312460724566923,0.07312460724566923,4,4,4,5,5,6,7,11,31,31,31
PUT,/api/Users/2,367,367,4,3.4434227683875505,1.3238009998985945,20.979736999947818,23.0,0.08713224304922275,0.08713224304922275,4,4,4,4,5,5,6,6,21,21,21
PUT,/api/Users/3,305,305,4,3.4979651442576083,1.3284139999996114,17.014298000049166,23.0,0.07241235457769193,0.07241235457769193,4,4,4,5,5,6,7,7,17,17,17
PUT,/api/Users/4,296,296,4,3.4487248716175145,1.3783879999209603,7.779429000038363,23.0,0.07027559657376004,0.07027559657376004,4,4,4,4,5,5,6,7,8,8,8
PUT,/api/Users/5,260,260,4,3.5417506499990954,1.3498780000418265,13.1264189999456,23.0,0.06172856455803247,0.06172856455803247,4,4,4,4,5,5,6,8,13,13,13
GET,/backup/[GET_ADMIN_PAGE_ENUM],62,6,8,11.710623161272979,1.085525999769743,31.05016599965893,72365.96774193548,0.014719888471530818,0.0014245053359545955,9,13,18,19,24,25,29,31,31,31,31
GET,/config/[GET_ADMIN_PAGE_ENUM],59,8,11,11.119428864407444,1.2940280003022053,34.98554799989506,69256.79661016949,0.014007635803553522,0.0018993404479394605,11,14,14,15,18,22,31,35,35,35,35
GET,/controlpanel/[GET_ADMIN_PAGE_ENUM],61,10,8,11.672219901662235,1.213910999467771,38.289320999865595,66986.83606557376,0.014482470915538385,0.0023741755599243257,8,14,17,19,24,27,27,38,38,38,38
GET,/dashboard/[GET_ADMIN_PAGE_ENUM],66,12,10,11.345011303050837,1.2762980004481506,35.890450000806595,65554.45454545454,0.01566955869550055,0.002849010671909191,10,14,16,17,25,27,30,36,36,36,36
GET,/data/access.log/[GET_FILE_ENUM],105,105,3,2.692583209508961,1.0714000000007218,6.25060200036387,23.0,0.02492884337920542,0.02492884337920542,3,3,4,4,4,4,5,6,6,6,6
GET,/data/backup.zip/[GET_FILE_ENUM],104,12,10,11.678697298066254,1.2272039994059014,30.21275199989759,70875.38461538461,0.024691425823212987,0.002849010671909191,10,14,17,18,21,25,27,27,30,30,30
GET,/data/users.json/[GET_FILE_ENUM],109,16,12,11.967689889964301,1.0860200000024633,36.164660999929765,68360.08256880734,0.025878513603175148,0.003798680895878921,12,15,17,18,23,26,29,29,36,36,36
GET,/debug/[GET_ADMIN_PAGE_ENUM],56,9,10,11.064352749973036,1.0548549998929957,26.879535000261967,67244.75,0.013295383135576223,0.002136758003931893,12,14,16,16,20,23,25,27,27,27,27
POST,/file-upload,1517,0,9,10.226781839818852,2.669437999998081,289.3797080000695,0.0,0.3601624324405202,0.0,9,10,11,12,16,21,31,36,53,290,290
GET,/ftp//,287,0,10,12.420940195121933,2.753505999976369,235.27141600004597,11264.0,0.06813883856982815,0.0,10,11,13,15,22,30,40,50,240,240,240
GET,/logs/[GET_ADMIN_PAGE_ENUM],58,6,10,11.313982568935899,1.4117950004219892,32.29866800029413,71831.41379310345,0.013770218247561089,0.0014245053359545955,10,14,16,17,20,24,29,32,32,32,32
GET,/metrics,310,0,7,7.687380603214654,2.1710080000048038,42.479511999999886,23824.22258064516,0.07359944235765409,0.0,7,7,8,9,13,16,31,36,42,42,42
GET,/metrics/[GET_ADMIN_PAGE_ENUM],52,8,5,5.697026769229733,2.3185119998743176,14.80576900030428,20242.78846153846,0.012345712911606493,0.0018993404479394605,5,6,7,8,9,12,14,15,15,15,15
GET,/openapi.json/[GET_ADMIN_PAGE_ENUM],60,7,10,11.216900816634734,1.3966070000606123,37.451693999173585,70772.7,0.014245053359545954,0.0016619228919470279,10,13,14,14,21,31,37,37,37,37,37
GET,/package-lock.json/[GET_FILE_ENUM],112,112,3,3.1629366607311176,1.1445570007708739,11.017400000127964,23.0,0.026590766271152446,0.026590766271152446,4,4,4,4,4,5,6,7,11,11,11
GET,/package.json/[GET_FILE_ENUM],104,104,2,2.608327298109823,1.0476780007593334,6.159173999549239,23.0,0.024691425823212987,0.024691425823212987,2,3,4,4,4,4,5,6,6,6,6
GET,/phpmyadmin/[GET_ADMIN_PAGE_ENUM],58,12,9,11.611927241370596,1.131859999986773,35.86924000046565,63545.8275862069,0.013770218247561089,0.002849010671909191,9,14,16,17,25,30,35,36,36,36,36
GET,/products/manage/[GET_ADMIN_PAGE_ENUM],63,6,12,12.175775952383692,1.2053270002070349,28.11126000051445,72489.0,0.014957306027523251,0.0014245053359545955,12,15,16,17,20,23,28,28,28,28,28
GET,/rest/admin/application-configuration/[GET_ADMIN_PAGE_ENUM],70,12,8,9.804553728593289,1.2194250002721674,21.93213500049751,18008.8,0.01661922891947028,0.002849010671909191,9,13,14,16,18,20,22,22,22,22,22
GET,/rest/admin/application-version,307,0,6,8.009856719869981,1.9582489999265817,61.41797000009319,20.0,0.07288718968967679,0.0,6,7,8,9,16,21,29,31,61,61,61
GET,/rest/admin/application-version/[GET_ADMIN_PAGE_ENUM],50,9,3,4.913977379910648,1.3647730002048775,15.771259999382892,20.54,0.011870877799621628,0.002136758003931893,4,5,6,8,12,13,16,16,16,16,16
GET,/rest/admin/debug/[GET_ADMIN_PAGE_ENUM],45,45,6,7.756340444474416,1.281578999623889,26.497189000110666,2379.488888888889,0.010683790019659465,0.010683790019659465,6,8,11,12,14,17,26,26,26,26,26
GET,/rest/admin/file-system/[DT_ADMIN_FILE_SYSTEM_PATH_DOUBLE],1036,1036,6,7.379072911197923,1.0742109998318483,30.571121000321,1883.9555984555984,0.24596458800816012,0.24596458800816012,6,9,11,12,15,17,19,21,27,31,31
GET,/rest/admin/file-system/[DT_ADMIN_FILE_SYSTEM_PATH_NONE],933,930,3,3.4981060803820174,1.1408450000089942,20.633107999856293,352.14040728831725,0.22151057974093957,0.2207983270729623,3,4,4,4,5,7,9,13,21,21,21
GET,/rest/admin/file-system/[DT_ADMIN_FILE_SYSTEM_PATH_SINGLE],1028,1025,4,4.990255905637571,1.1162190003233263,29.25779399993189,950.8326848249027,0.24406524756022066,0.24335299489224338,4,5,6,7,11,13,17,18,28,29,29
GET,/rest/admin/users/[GET_ADMIN_PAGE_ENUM],49,49,8,9.124493857115693,1.1745299998437986,20.64608299951942,2538.061224489796,0.011633460243629195,0.011633460243629195,8,11,13,14,18,19,21,21,21,21,21
GET,/rest/cart,4610,4610,12,13.513157287203324,3.8874119998126844,314.09075600004144,2875.0,1.0944949331251141,1.0944949331251141,12,14,15,17,21,26,34,40,210,310,310
DELETE,/rest/cart/item/1,23,23,4,3.419010739153434,1.2703750001037406,5.846286999940276,23.0,0.005460603787825949,0.005460603787825949,4,4,4,4,4,5,6,6,6,6,6
PUT,/rest/cart/item/1,27,27,4,3.9159751481621345,1.3529450000078214,12.751120000075389,23.0,0.0064102740117956795,0.0064102740117956795,4,4,4,5,5,5,13,13,13,13,13
DELETE,/rest/cart/item/10,23,23,3,3.0287791304663583,1.416828000174064,5.2661459999399085,23.0,0.005460603787825949,0.005460603787825949,3,4,4,4,4,5,5,5,5,5,5
PUT,/rest/cart/item/10,25,25,4,3.7037650000229405,1.6622020000340854,6.080207999957565,23.0,0.005935438899810814,0.005935438899810814,4,4,5,5,5,6,6,6,6,6,6
DELETE,/rest/cart/item/11,21,21,4,3.7166343809725992,1.289878000079625,5.834954000192738,23.0,0.004985768675841083,0.004985768675841083,4,4,4,4,4,5,6,6,6,6,6
PUT,/rest/cart/item/11,23,23,4,3.5571297825813617,1.9028839999464253,5.086828999992576,23.0,0.005460603787825949,0.005460603787825949,4,4,4,5,5,5,5,5,5,5,5
DELETE,/rest/cart/item/12,22,22,4,3.32147836363881,1.4173990000472259,5.063698999947519,23.0,0.005223186231833516,0.005223186231833516,4,4,4,4,5,5,5,5,5,5,5
PUT,/rest/cart/item/12,30,30,4,3.867067233322056,1.3726299998779723,8.884398999953191,23.0,0.007122526679772977,0.007122526679772977,4,4,4,5,6,7,9,9,9,9,9
DELETE,/rest/cart/item/13,22,22,4,3.348689545455066,1.4741610000328365,4.530666000050587,23.0,0.005223186231833516,0.005223186231833516,4,4,4,4,4,5,5,5,5,5,5
PUT,/rest/cart/item/13,30,30,4,3.572512100007922,1.4733890000115935,5.8095300000786665,23.0,0.007122526679772977,0.007122526679772977,4,4,4,5,5,5,6,6,6,6,6
DELETE,/rest/cart/item/14,27,27,4,3.602793259241716,1.4538170000832906,6.3998769999216165,23.0,0.0064102740117956795,0.0064102740117956795,4,4,5,5,6,6,6,6,6,6,6
PUT,/rest/cart/item/14,32,32,3,3.280204937496478,1.3911710000229505,5.888045000006059,23.0,0.007597361791757842,0.007597361791757842,4,4,4,4,5,5,6,6,6,6,6
DELETE,/rest/cart/item/15,16,16,3,2.850850437511099,1.4933420000033948,4.242676000103529,23.0,0.003798680895878921,0.003798680895878921,3,3,4,4,4,4,4,4,4,4,4
PUT,/rest/cart/item/15,28,28,4,3.632658107172964,1.457621999861658,6.761345000086294,23.0,0.0066476915677881115,0.0066476915677881115,4,4,5,5,5,6,7,7,7,7,7
DELETE,/rest/cart/item/16,26,26,3,3.1885067692376023,1.7381150000801426,5.171715999949811,23.0,0.006172856455803247,0.006172856455803247,3,4,4,4,4,4,5,5,5,5,5
PUT,/rest/cart/item/16,23,23,4,3.465311391294009,1.575920000050246,5.3193660000943055,23.0,0.005460603787825949,0.005460603787825949,4,4,4,4,5,5,5,5,5,5,5
DELETE,/rest/cart/item/17,26,26,4,3.55693961538551,1.468988999931753,5.552749000116819,23.0,0.006172856455803247,0.006172856455803247,4,4,4,4,5,5,6,6,6,6,6
PUT,/rest/cart/item/17,33,33,4,3.6201806666474914,1.5756679999867629,8.432626000058008,23.0,0.007834779347750275,0.007834779347750275,4,4,4,5,5,6,8,8,8,8,8
DELETE,/rest/cart/item/18,24,24,2,2.6673434166373986,1.3008769999487413,4.726290999997218,23.0,0.005698021343818382,0.005698021343818382,2,4,4,4,4,4,5,5,5,5,5
PUT,/rest/cart/item/18,27,27,4,3.306702185198076,1.4879699999710283,7.851903000073435,23.0,0.0064102740117956795,0.0064102740117956795,4,4,4,4,5,6,8,8,8,8,8
DELETE,/rest/cart/item/19,21,21,4,3.314104142862648,1.4272959999743762,4.643491000024369,23.0,0.004985768675841083,0.004985768675841083,4,4,4,4,4,5,5,5,5,5,5
PUT,/rest/cart/item/19,25,25,4,3.5041256400108978,1.4894099999764876,6.197345000032328,23.0,0.005935438899810814,0.005935438899810814,4,4,4,5,5,5,6,6,6,6,6
DELETE,/rest/cart/item/2,17,17,3,3.000289352966694,1.6561120000915253,5.254528000023129,23.0,0.004036098451871354,0.004036098451871354,3,4,4,4,4,5,5,5,5,5,5
PUT,/rest/cart/item/2,21,21,3,3.002363857165489,1.535620999902676,5.22602499995628,23.0,0.004985768675841083,0.004985768675841083,3,4,4,4,5,5,5,5,5,5,5
DELETE,/rest/cart/item/20,15,15,3,3.1057882000141035,1.4406370000870083,4.562150999845471,23.0,0.0035612633398864886,0.0035612633398864886,3,4,4,4,5,5,5,5,5,5,5
PUT,/rest/cart/item/20,19,19,4,3.7917967894504487,1.5253800000891715,9.283887000037794,23.0,0.004510933563856219,0.004510933563856219,4,4,4,5,5,9,9,9,9,9,9
DELETE,/rest/cart/item/3,30,30,4,3.46839533332286,1.3586289999238943,6.47968199996285,23.0,0.007122526679772977,0.007122526679772977,4,4,4,4,5,6,6,6,6,6,6
PUT,/rest/cart/item/3,27,27,4,3.626608629626086,1.4326059999802965,8.097388999999566,23.0,0.0064102740117956795,0.0064102740117956795,4,4,4,5,5,5,8,8,8,8,8
DELETE,/rest/cart/item/4,24,24,4,3.5530530000092617,1.3622139999824867,5.051509000168153,23.0,0.005698021343818382,0.005698021343818382,4,4,4,4,5,5,5,5,5,5,5
PUT,/rest/cart/item/4,24,24,4,3.2098859583271633,1.4140610001049936,4.587344000015037,23.0,0.005698021343818382,0.005698021343818382,4,4,4,4,5,5,5,5,5,5,5
DELETE,/rest/cart/item/5,24,24,4,3.380730875003716,1.293115999942529,5.576834999828861,23.0,0.005698021343818382,0.005698021343818382,4,4,4,5,5,5,6,6,6,6,6
PUT,/rest/cart/item/5,23,23,3,3.1917612173935557,1.4151870000205236,4.933550999794534,23.0,0.005460603787825949,0.005460603787825949,3,4,4,4,4,4,5,5,5,5,5
DELETE,/rest/cart/item/6,18,18,4,4.128449666634676,1.3690579999092733,12.4691209998673,23.0,0.004273516007863786,0.004273516007863786,4,4,4,4,6,12,12,12,12,12,12
PUT,/rest/cart/item/6,34,34,4,3.5854115882330007,1.4758710001387954,9.189379999952507,23.0,0.008072196903742708,0.008072196903742708,4,4,4,5,5,5,9,9,9,9,9
DELETE,/rest/cart/item/7,24,24,4,3.8367587499929336,1.2421300000369229,5.162840000139113,23.0,0.005698021343818382,0.005698021343818382,4,4,5,5,5,5,5,5,5,5,5
PUT,/rest/cart/item/7,18,18,4,3.475644555578583,1.8254030001116917,4.6793900000920985,23.0,0.004273516007863786,0.004273516007863786,4,4,4,4,4,5,5,5,5,5,5
DELETE,/rest/cart/item/8,24,24,4,3.236557874994143,1.3326690000212693,8.26551299996936,23.0,0.005698021343818382,0.005698021343818382,4,4,4,4,5,5,8,8,8,8,8
PUT,/rest/cart/item/8,27,27,4,3.578215370352053,1.408768999908716,6.9745000000693835,23.0,0.0064102740117956795,0.0064102740117956795,4,4,4,5,5,6,7,7,7,7,7
DELETE,/rest/cart/item/9,26,26,3,3.1314233846072828,1.393981000092026,5.699513999843475,23.0,0.006172856455803247,0.006172856455803247,4,4,4,4,5,5,6,6,6,6,6
PUT,/rest/cart/item/9,37,37,4,3.399169675697374,1.516532999971787,5.516595999779383,23.0,0.008784449571720004,0.008784449571720004,4,4,4,5,5,5,6,6,6,6,6
POST,/rest/chatbot,624,624,16,16.615641870187,5.844826999918951,53.50835600006576,2881.0,0.14814855493927792,0.14814855493927792,16,18,20,21,24,28,33,37,54,54,54
GET,/rest/error/500,624,624,12,14.168782621794298,4.04091600000811,273.93513800006986,2885.0,0.14814855493927792,0.14814855493927792,12,14,15,17,21,26,37,44,270,270,270
GET,/rest/languages,311,0,30,30.779696646309613,14.76837399991382,180.58951500006515,4719.0,0.07383685991364652,0.0,30,33,35,36,40,43,50,64,180,180,180
POST,/rest/orders/,266,266,16,16.432016345862237,5.464929000027041,56.98279199987155,2881.0,0.06315306989398706,0.06315306989398706,16,18,19,20,23,27,34,49,57,57,57
GET,/rest/product/{product_id}/image/[DT_GET_PATH_INJECT_DOUBLE],646,645,4,5.15295824302991,1.1519059999045567,27.87112599980901,973.9442724458204,0.15337174117111144,0.153134323615119,4,5,6,7,12,15,17,19,28,28,28
GET,/rest/product/{product_id}/image/[DT_GET_PATH_INJECT_NONE],638,635,4,5.560109366768182,1.1319510003886535,25.116449000051944,1349.2413793103449,0.15147240072317197,0.15076014805519466,4,5,7,8,13,16,18,19,25,25,25
GET,/rest/product/{product_id}/image/[DT_GET_PATH_INJECT_SINGLE],629,628,4,5.470885866459676,1.125098000102298,26.324711000142997,1064.1891891891892,0.14933564271924007,0.14909822516324764,4,5,6,8,13,15,18,20,26,26,26
GET,/rest/products/1,155,155,12,13.221906283864325,4.168120000031195,42.58029299990085,2887.0,0.036799721178827044,0.036799721178827044,12,14,15,16,21,26,37,38,43,43,43
GET,/rest/products/1/reviews/,44,0,11,11.191870249968423,3.947080999978425,26.503418999936912,172.0,0.010446372463667032,0.0,11,12,14,15,17,19,27,27,27,27,27
GET,/rest/products/10,149,149,13,13.403814516768701,4.172782999830815,38.55311999996047,2889.0,0.035375215842872454,0.035375215842872454,13,14,17,18,20,23,33,35,39,39,39
GET,/rest/products/10/reviews/,43,0,12,11.946722651180417,3.8699650001490227,41.535949000035544,30.0,0.0102089549076746,0.0,12,12,13,14,16,23,42,42,42,42,42
GET,/rest/products/11,150,150,12,12.612706886666274,4.114997999977277,42.22738999987996,2889.0,0.03561263339886488,0.03561263339886488,12,14,14,15,19,23,38,38,42,42,42
GET,/rest/products/11/reviews/,39,0,12,11.999191538475083,4.135307000069588,24.8486820000835,30.0,0.00925928468370487,0.0,12,13,14,15,19,24,25,25,25,25,25
GET,/rest/products/12,156,156,12,13.418403237179104,4.089319000058822,58.980696999924476,2889.0,0.03703713873481948,0.03703713873481948,12,14,16,17,22,26,34,47,59,59,59
GET,/rest/products/12/reviews/,63,0,12,11.53456342855125,4.464151999854948,32.53255499998886,30.0,0.014957306027523251,0.0,12,12,13,14,18,21,26,33,33,33,33
GET,/rest/products/13,162,162,12,13.287858203711865,4.233992000081344,47.347247999823594,2889.0,0.03846164407077408,0.03846164407077408,12,14,16,18,20,22,31,39,47,47,47
GET,/rest/products/13/reviews/,45,0,11,11.577273155568138,4.574477000005572,30.31101999999919,30.0,0.010683790019659465,0.0,11,12,12,13,17,23,30,30,30,30,30
GET,/rest/products/14,131,131,12,12.90477797710332,4.2960789999142435,48.198765000051935,2889.0,0.031101699835008666,0.031101699835008666,12,13,14,16,20,26,37,40,48,48,48
GET,/rest/products/14/reviews/,45,0,11,11.535823511121635,3.8319360000969027,27.373781000051167,30.0,0.010683790019659465,0.0,11,13,14,15,17,20,27,27,27,27,27
GET,/rest/products/15,155,155,12,12.710668729042599,4.033733999904143,39.64999499999067,2889.0,0.036799721178827044,0.036799721178827044,12,14,15,17,22,27,31,32,40,40,40
GET,/rest/products/15/reviews/,48,0,11,10.674890895825703,4.506477999939307,21.28862599988679,30.0,0.011396042687636764,0.0,11,12,13,13,13,14,21,21,21,21,21
GET,/rest/products/16,141,141,12,13.683781602838035,4.289664999987508,53.739465000035125,2889.0,0.03347587539493299,0.03347587539493299,12,14,16,17,20,24,42,54,54,54,54
GET,/rest/products/16/reviews/,48,0,12,13.564281562506627,4.93446300015421,52.753400000028705,30.0,0.011396042687636764,0.0,12,13,15,16,23,29,53,53,53,53,53
GET,/rest/products/17,164,164,12,13.318720048787798,4.154611000103614,40.47255900013624,2889.0,0.03893647918275894,0.03893647918275894,12,14,15,17,21,23,27,32,40,40,40
GET,/rest/products/17/reviews/,44,0,12,12.390459954549339,4.072761000088576,34.42373200005022,208.0,0.010446372463667032,0.0,12,13,14,15,18,23,34,34,34,34,34
GET,/rest/products/18,168,168,12,13.167791005945636,3.982457999882172,50.878823999937595,2889.0,0.03988614940672867,0.03988614940672867,12,13,14,16,22,25,38,44,51,51,51
GET,/rest/products/18/reviews/,39,0,11,11.100753666675281,4.051140999990821,26.28764999985833,30.0,0.00925928468370487,0.0,11,11,12,14,18,23,26,26,26,26,26
GET,/rest/products/19,142,142,13,14.303708584497574,4.4859739999765225,39.44613299995581,2889.0,0.03371329295092542,0.03371329295092542,13,15,17,19,24,29,35,39,39,39,39
GET,/rest/products/19/reviews/,50,0,11,12.396487999992587,4.271840000001248,43.458776000079524,30.0,0.011870877799621628,0.0,11,12,12,12,27,40,43,43,43,43,43
GET,/rest/products/2,175,175,12,13.718603674286507,4.000614000005953,67.39157199990586,2887.0,0.0415480722986757,0.0415480722986757,12,14,16,17,22,29,37,47,67,67,67
GET,/rest/products/2/reviews/,53,0,11,11.514551188701313,3.9738929999657557,35.37548000008428,184.0,0.012583130467598926,0.0,11,12,13,13,16,23,32,35,35,35,35
GET,/rest/products/20,135,135,12,13.376349459276248,4.311983999969016,44.61718199991083,2889.0,0.032051370058978394,0.032051370058978394,12,14,16,17,19,29,31,33,45,45,45
GET,/rest/products/20/reviews/,44,0,11,10.766743886374673,3.9293419999921753,23.03714899994702,405.0,0.010446372463667032,0.0,11,12,13,16,17,21,23,23,23,23,23
GET,/rest/products/3,154,154,12,13.47282440908155,4.158005000135745,50.70699900011277,2887.0,0.036562303622834615,0.036562303622834615,12,14,16,17,22,26,30,39,51,51,51
GET,/rest/products/3/reviews/,56,0,12,12.649719124997969,3.919925999980478,34.89474499997414,185.0,0.013295383135576223,0.0,12,13,14,15,19,22,35,35,35,35,35
GET,/rest/products/4,170,170,13,14.093034117649282,4.155095999976766,47.11230699990665,2887.0,0.04036098451871353,0.04036098451871353,13,14,16,18,22,28,41,44,47,47,47
GET,/rest/products/4/reviews/,41,0,11,12.196622585365064,5.0505770000199846,35.038549999853785,30.0,0.009734119795689736,0.0,11,13,14,15,18,20,35,35,35,35,35
GET,/rest/products/5,179,179,12,13.395840145254274,4.154138999865609,47.758256000179244,2887.0,0.04249774252264543,0.04249774252264543,12,14,16,17,21,26,33,43,48,48,48
GET,/rest/products/5/reviews/,51,0,11,10.97025401963724,4.039441000031729,37.835202999985995,30.0,0.01210829535561406,0.0,11,12,13,13,18,21,30,38,38,38,38
GET,/rest/products/6,160,160,13,14.209947549998958,4.120332999946186,143.66528099992593,2887.0,0.03798680895878921,0.03798680895878921,13,14,16,17,20,25,39,47,140,140,140
GET,/rest/products/6/reviews/,50,0,12,11.9452749400034,3.9878029999727005,38.29295900004581,170.0,0.011870877799621628,0.0,12,12,13,14,17,18,38,38,38,38,38
GET,/rest/products/7,151,151,12,13.145191913907105,4.0117800001553405,37.3465220000071,2887.0,0.03585005095485732,0.03585005095485732,12,14,15,16,21,25,29,31,37,37,37
GET,/rest/products/7/reviews/,36,0,12,12.952578166669404,4.418521999923541,31.550599999945916,30.0,0.008547032015727572,0.0,12,13,15,15,19,27,32,32,32,32,32
GET,/rest/products/8,155,155,12,13.942397290320367,4.088883999884274,46.03764799981036,2887.0,0.036799721178827044,0.036799721178827044,12,14,16,18,21,33,42,45,46,46,46
GET,/rest/products/8/reviews/,46,0,11,10.549008891295532,4.26539000000048,23.205239999924743,30.0,0.010921207575651898,0.0,11,12,13,13,16,21,23,23,23,23,23
GET,/rest/products/9,160,160,13,13.289196506253376,4.3021740000313,42.68829300008292,2887.0,0.03798680895878921,0.03798680895878921,13,14,15,16,19,22,31,38,43,43,43
GET,/rest/products/9/reviews/,50,0,12,17.739958859990566,4.338725000025079,284.1530350000312,30.0,0.011870877799621628,0.0,12,13,13,15,19,21,280,280,280,280,280
GET,/rest/products/search?q=apple,798,0,18,20.79084368045528,5.535835000046063,426.62441100003434,631.0,0.18945920968196117,0.0,18,21,24,26,33,40,54,61,430,430,430
GET,/rest/products/search?q=banana,782,0,18,21.95268502301853,5.737425000006624,495.7677090000061,277.0,0.18566052878608227,0.0,18,21,24,26,35,43,57,71,500,500,500
GET,/rest/products/search?q=bread,768,0,18,20.214702657555133,5.308759999934409,80.18692300015573,30.0,0.18233668300218822,0.0,18,21,23,25,33,41,49,57,80,80,80
GET,/rest/products/search?q=coffee,758,0,18,21.012501798151362,5.134711999971842,456.589349000069,30.0,0.17996250744226389,0.0,18,21,23,25,33,43,55,64,460,460,460
GET,/rest/products/search?q=juice,776,0,20,24.809612793811446,6.51841599983527,527.8633049999826,10820.0,0.18423602345012766,0.0,20,24,26,29,36,46,59,70,530,530,530
GET,/rest/products/search?q=lemon,774,0,18,21.598937622733885,5.797365000034915,520.6756850000147,275.0,0.1837611883381428,0.0,18,22,24,26,32,41,51,58,520,520,520
GET,/rest/products/search?q=milk,763,0,18,21.528273224115342,5.38046800011216,485.94625700002325,30.0,0.18114959522222604,0.0,18,21,24,26,34,43,59,69,490,490,490
GET,/rest/products/search?q=orange,807,0,19,23.175247162327192,5.603337999900759,447.78772799998023,301.0,0.19159596768589307,0.0,19,21,25,28,37,46,63,82,450,450,450
GET,/rest/track-order/some_valid_order_id_from_challenge,935,0,11,12.270294302679345,3.7061680000078923,212.52462400002514,78.0,0.22198541485292445,0.0,11,12,13,14,18,24,35,42,210,210,210
POST,/rest/user/login,3075,3075,18,21.820631920000555,4.994224000029135,529.5514260000118,26.0,0.7300589846767301,0.7300589846767301,18,21,24,26,33,40,53,63,500,530,530
GET,/rest/wallet/balance,318,318,7,7.933837198115282,1.912769999989905,39.67793499987238,31.0,0.07549878280559355,0.07549878280559355,7,8,8,9,14,20,29,30,40,40,40
GET,/robots.txt,312,0,5,6.039327788457172,1.4358530002027692,39.282167000010304,28.0,0.07407427746963896,0.0,5,5,6,7,11,17,22,31,39,39,39
GET,/robots.txt/[GET_ADMIN_PAGE_ENUM],57,6,4,4.0417082632222705,1.109662999624561,15.80898299926048,27.473684210526315,0.013532800691568656,0.0014245053359545955,4,4,5,5,7,13,15,16,16,16,16
GET,/robots.txt/[GET_FILE_ENUM],111,21,4,4.557713126150948,1.032371000292187,26.8120889995771,27.054054054054053,0.026353348715160013,0.004985768675841083,4,5,5,5,7,11,16,24,27,27,27
GET,/settings/[GET_ADMIN_PAGE_ENUM],61,8,10,12.224675426221468,1.033153000207676,44.89703000035661,69612.86885245901,0.014482470915538385,0.0018993404479394605,10,15,17,18,24,26,31,45,45,45,45
GET,/sitemap.xml,306,0,14,16.585677513072977,4.7643069999594445,314.9360220000972,80117.0,0.07264977213368437,0.0,14,16,18,19,23,32,44,56,310,310,310
GET,/sitemap.xml/[GET_ADMIN_PAGE_ENUM],53,4,13,11.943406415085983,1.4816330003668554,36.42396800023562,74072.16981132075,0.012583130467598926,0.0009496702239697302,13,14,15,16,19,28,29,36,36,36,36
GET,/sitemap.xml/[GET_FILE_ENUM],104,12,12,12.565845269224296,1.3244859992482816,32.413077000455814,70875.38461538461,0.024691425823212987,0.002849010671909191,12,15,18,20,23,26,28,30,32,32,32
GET,/swagger.json/[GET_ADMIN_PAGE_ENUM],63,10,14,12.95228598421148,1.2471730005927384,31.75362399997539,67403.66666666667,0.014957306027523251,0.0023741755599243257,14,15,18,20,23,25,28,32,32,32,32
GET,/test/[GET_ADMIN_PAGE_ENUM],66,11,7,10.48601480299498,1.2128089992984314,45.64897900036158,66768.0,0.01566955869550055,0.002611593115916758,8,12,15,16,22,25,30,46,46,46,46
PUT,/upload/[PUT_PATH_TRAVERSAL_FILENAME_DOUBLE],506,506,4,4.3253944565213205,1.199261999772716,20.950239000285364,23.0,0.12013328333217088,0.12013328333217088,4,5,5,6,7,8,9,12,21,21,21
PUT,/upload/[PUT_PATH_TRAVERSAL_FILENAME_NONE],462,462,4,3.868171093077778,1.158466000106273,21.68670800028849,23.0,0.10968691086850384,0.10968691086850384,4,4,5,5,6,7,9,11,22,22,22
PUT,/upload/[PUT_PATH_TRAVERSAL_FILENAME_SINGLE],492,492,4,3.9582495365671204,1.1144319996674312,36.177986999973655,23.0,0.11680943754827681,0.11680943754827681,4,4,5,5,6,6,8,12,36,36,36
GET,/users/[GET_ADMIN_PAGE_ENUM],53,4,12,11.508577641541466,1.401182999870798,21.12861099976726,74072.16981132075,0.012583130467598926,0.0009496702239697302,12,14,15,17,20,21,21,21,21,21,21
GET,/web.config/[GET_FILE_ENUM],102,102,3,2.6765166863144403,1.0176109999520122,5.548393999561085,23.0,0.02421659071122812,0.02421659071122812,3,3,4,4,4,4,5,5,6,6,6
GET,/wp-admin/[GET_ADMIN_PAGE_ENUM],63,5,9,12.071514523822337,1.1347050003678305,34.525401000792044,73760.33333333333,0.014957306027523251,0.0011870877799621629,9,14,17,20,23,29,31,35,35,35,35
POST,add_to_cart/[POST_CSRF_ADD_TO_CART_INVALID_TOKEN_POST],1218,1218,8,7.9000964967305825,1.1023920001207443,36.00322300007974,859.0238095238095,0.28917458319878286,0.28917458319878286,8,9,10,10,12,15,18,22,31,36,36
POST,add_to_cart/[POST_CSRF_ADD_TO_CART_NO_TOKEN_POST],3524,3524,8,7.6526566101002,1.1425359998611384,39.49776800072868,844.0842792281499,0.8366594673173323,0.8366594673173323,8,9,10,10,11,14,18,20,27,39,39
DELETE,address/[DELETE_DELETE_ADDRESS_NO_TOKEN_DELETE],1173,1173,4,3.382416385342079,1.0598339995340211,33.086493000155315,23.0,0.2784907931791234,0.2784907931791234,4,4,4,4,5,5,6,8,21,33,33
GET,address/[GET_ADDRESS_ENUM_GET],1395,1395,9,9.669285554109038,1.0228499995719176,34.51648499958537,2494.215770609319,0.3311974906094434,0.3311974906094434,9,12,13,14,18,21,24,26,33,35,35
GET,address/[GET_ADDRESS_ENUM_NONEXISTENT_GET],1395,1395,7,7.944184090339283,0.9518939996269182,37.60236499965686,2499.7139784946235,0.3311974906094434,0.3311974906094434,7,9,11,12,14,17,21,24,33,38,38
GET,address/[GET_SQLi_ADDRESS_ID_PATH],2131,2131,9,10.999004395118881,1.1563470002329268,63.06223600040539,2349.502111684655,0.5059368118198738,0.5059368118198738,9,13,14,15,20,26,38,42,57,63,63
PUT,address/[PUT_DT_ADDRESS_UPDATE_PUT],1460,1460,4,3.3908852554784423,1.0976650000884547,18.680144999962067,23.0,0.34662963174895156,0.34662963174895156,4,4,4,4,5,6,7,8,17,19,19
POST,addresses/[POST_ADD_ADDRESS_NO_TOKEN_POST],2407,2407,16,14.709172487325592,1.2412019996190793,38.73681300001408,2552.6800997091814,0.5714640572737851,0.5714640572737851,16,18,19,20,23,26,29,32,35,39,39
POST,addresses/[POST_SQLi_ADDRESS_CREATE],2131,2131,9,10.565662858278715,1.1397759999454138,52.443879999827914,2461.5828249648052,0.5059368118198738,0.5059368118198738,9,11,14,15,19,22,36,40,51,52,52
POST,addresses/[POST_XSS_ADDRESS_CREATE],2390,2390,15,14.354950153136286,1.163252999958786,92.00822000002518,2512.0376569037658,0.5674279588219138,0.5674279588219138,15,17,19,20,23,28,34,43,70,92,92
POST,admin_panel/[POST_CSRF_ADMIN_DELETE_USER_NO_TOKEN_POST],1188,1188,16,14.743600167496279,1.2217800003782031,34.683621999647585,2557.375420875421,0.2820520565190099,0.2820520565190099,16,18,19,20,23,26,29,31,34,35,35
GET,assets_access/[GET_DT_ASSETS_ACCESS],1500,1106,4,6.413327185331279,1.1532880002960155,29.705076000027475,21061.024,0.35612633398864885,0.2625838169276304,4,5,7,10,15,18,21,23,30,30,30
GET,assets_access/[GET_DT_ASSETS_ACCESS_DIRECT],1500,1106,4,5.873406160673767,1.045059000261972,31.177989000298112,21061.024,0.35612633398864885,0.2625838169276304,4,5,7,8,14,17,20,22,30,31,31
GET,assets_access/[GET_DT_GET_PATH_INJECT],1981,1445,4,5.864351076224338,1.0344020001866738,41.7114369997762,21694.067137809187,0.47032417842100893,0.34306836840906507,4,5,7,9,15,17,20,23,27,42,42
DELETE,basket_item/[DELETE_DELETE_BASKET_ITEM_NO_TOKEN_DELETE],1238,1238,4,3.2924551381125102,1.1072879997300333,18.082282999785093,23.0,0.29392293431863153,0.29392293431863153,4,4,4,4,5,5,6,6,10,18,18
PUT,basket_item/[PUT_SQLi_BASKET_UPDATE_PATH],2177,2177,3,3.445433915947105,1.2531679999483458,18.5571990000426,23.0,0.5168580193955257,0.5168580193955257,3,4,4,5,5,6,7,9,18,19,19
PUT,basket_item/[PUT_SQLi_BASKET_UPDATE_QTY],2177,2177,2,2.7660186315963156,1.0776799999803188,18.2200629997169,23.0,0.5168580193955257,0.5168580193955257,2,3,4,4,4,5,6,7,12,18,18
PUT,basket_item/[PUT_UPDATE_BASKET_ITEM_NO_TOKEN_PUT],1210,1210,4,3.5671356008290687,1.1142289999952482,24.865331999990303,23.0,0.2872752427508434,0.2872752427508434,4,4,4,4,5,5,6,9,21,25,25
POST,basket_items/[POST_SQLi_BASKET_ADD_PROD_ID],2144,2144,8,8.847180992539027,1.0675609996724233,57.40957900002286,854.7028917910447,0.5090232400477754,0.5090232400477754,8,9,10,11,17,26,35,38,52,57,57
POST,basket_items/[POST_SQLi_BASKET_ADD_QTY],2144,2144,5,6.593091323227174,1.0685199999898032,64.20366800011834,854.7028917910447,0.5090232400477754,0.5090232400477754,5,8,8,9,11,15,22,34,53,64,64
DELETE,card/[DELETE_DELETE_CARD_NO_TOKEN_DELETE],1157,1157,3,3.363879701805063,1.0758919997897465,23.76707199982775,23.0,0.27469211228324447,0.27469211228324447,3,4,4,4,5,5,6,7,24,24,24
GET,card/[GET_CARD_ENUM_GET],1386,1386,4,4.719931595245017,1.116617999286973,33.15573800045968,29.862914862914863,0.32906073260551155,0.32906073260551155,4,5,6,6,8,11,15,18,31,33,33
GET,card/[GET_CARD_ENUM_NONEXISTENT_GET],1386,1386,4,4.304410696230403,0.9830389999478939,27.74374699947657,29.862914862914863,0.32906073260551155,0.32906073260551155,4,5,5,6,8,11,13,17,25,28,28
GET,card/[GET_SQLi_CARD_ID_PATH],2146,2146,6,8.027633069427546,1.100004999898374,56.20004799993694,768.3625349487419,0.5094980751597603,0.5094980751597603,6,7,10,12,17,24,32,37,54,56,56
POST,cards/[POST_ADD_CARD_NO_TOKEN_POST],1196,1196,8,7.830997421408628,1.2249009996594395,33.145800000056624,29.91638795986622,0.2839513969669493,0.2839513969669493,8,9,10,10,11,15,18,21,26,33,33
POST,cards/[POST_SQLi_CARD_CREATE],2146,2146,5,6.821735116497828,1.121907999731775,54.65450200017585,29.959925442684064,0.5094980751597603,0.5094980751597603,5,8,9,9,11,14,22,33,44,55,55
POST,cards/[POST_XSS_CARD_CREATE],2423,2423,8,8.567801889805681,1.1491949999253848,77.7559950001887,29.917044985555098,0.5752627381696641,0.5752627381696641,8,9,10,10,13,19,34,43,65,78,78
GET,challenge/[GET_CHALLENGE_ENUM_GET],1386,1386,4,4.693039676760346,1.0014839999712422,36.91229200012458,846.6991341991342,0.32906073260551155,0.32906073260551155,4,5,6,6,8,11,16,19,34,37,37
GET,challenge/[GET_CHALLENGE_ENUM_NONEXISTENT_GET],1386,1386,4,4.3045348290025895,1.0187400002905633,37.35987700019905,846.6991341991342,0.32906073260551155,0.32906073260551155,4,5,5,6,8,11,13,18,32,37,37
POST,change_security_answer/[POST_CHANGE_SECURITY_ANSWER_NO_TOKEN_POST],1207,1207,16,14.502758431648719,1.198422000015853,36.64015800040943,2530.559237779619,0.2865629900828661,0.2865629900828661,16,18,19,20,23,26,30,33,35,37,37
DELETE,complaint/[DELETE_DT_COMPLAINT_DELETE_PATH],1507,1507,4,3.9611942866646896,1.185337000151776,23.129195000365144,23.0,0.35778825688059585,0.35778825688059585,4,4,5,5,6,7,8,9,19,23,23
POST,complaints/[POST_DT_COMPLAINT_POST_FILENAME],2987,2987,7,6.976853091394347,1.084216999970522,42.84369400011201,843.3274188148644,0.7091662397493961,0.7091662397493961,7,9,9,9,11,12,16,18,25,43,43
POST,customer_chatbot/[POST_XSS_CHATBOT_QUERY_POST],2347,2347,14,14.210330929276275,1.2459479999051837,80.25369100005264,2501.069876438006,0.5572190039142392,0.5572190039142392,14,17,19,20,23,28,36,47,75,80,80
GET,data_export_endpoint/[GET_DT_DATA_EXPORT_QUERY],1504,1504,8,12.207009414892925,1.6923630000746925,47.81123100019613,1432.1356382978724,0.3570760042126186,0.3570760042126186,8,12,18,21,26,30,35,36,45,48,48
POST,data_export_endpoint/[POST_DT_DATA_EXPORT_POST],1504,1504,12,11.927013496670696,1.0302380001121492,29.773692000162555,2505.9773936170213,0.3570760042126186,0.3570760042126186,12,15,17,17,19,21,24,26,29,30,30
DELETE,delete_product/[DELETE_CSRF_DELETE_PRODUCT_NO_TOKEN_DELETE],1206,1206,3,3.2949280538854704,1.0286809992976487,21.45942000015566,23.0,0.2863255725268737,0.2863255725268737,3,4,4,4,5,5,6,8,21,21,21
GET,encryption_keys_access/[GET_DT_ENCRYPTION_KEYS_ACCESS],3030,3024,4,4.7167175438973254,1.0659399999894958,27.317186999880505,565.1924092409241,0.7193751946570707,0.717950689321116,4,5,6,6,8,10,14,17,24,27,27
GET,encryption_keys_access/[GET_DT_ENCRYPTION_KEYS_KNOWN_FILE],3030,2666,4,4.896174551485463,1.0382929999650514,43.67490499998894,9644.853465346534,0.7193751946570707,0.6329552042758252,4,5,5,6,10,14,18,20,28,44,44
GET,encryption_keys_access/[GET_DT_GET_PATH_INJECT],2015,2011,4,4.105421754834887,1.0925710002993583,26.197790000423993,585.2947890818858,0.4783963753247516,0.4774467051007819,4,4,5,6,7,9,12,14,24,26,26
GET,feedback_by_id/[GET_FEEDBACK_ENUM_GET],2775,2775,4,4.81211541585458,1.0274650003339048,26.933232999908796,842.7308108108108,0.6588337178790004,0.6588337178790004,4,5,6,6,9,12,16,18,25,27,27
GET,feedback_by_id/[GET_FEEDBACK_ENUM_NONEXISTENT_GET],2775,2775,4,4.391449704858829,0.9841959999903338,28.665122999882442,842.7308108108108,0.6588337178790004,0.6588337178790004,4,5,5,6,8,11,14,16,24,29,29
POST,feedbacks/[POST_DT_FEEDBACK_POST_ATTACHMENT],2987,2987,10,8.885188386342461,1.183942999887222,30.549768000128097,1886.6732507532643,0.7091662397493961,0.7091662397493961,10,11,11,12,13,16,20,22,27,31,31
POST,feedbacks/[POST_SQLi_FEEDBACK_POST],3208,3208,9,9.999447013715884,1.131256000007852,52.93400600021414,1855.7344139650872,0.7616355196237237,0.7616355196237237,9,11,12,13,20,27,36,41,51,53,53
POST,feedbacks/[POST_SQLi_FEEDBACK_RATING_POST],3208,3208,6,7.626500193886213,1.0826349998751539,56.79472000019814,1855.7344139650872,0.7616355196237237,0.7616355196237237,6,9,10,10,13,17,34,39,47,57,57
POST,feedbacks/[POST_SUBMIT_FEEDBACK_NO_TOKEN_POST],1249,1249,10,8.97275797517936,1.1331730001984397,33.6400890000732,1920.0728582866293,0.2965345274345483,0.2965345274345483,10,10,11,11,13,17,22,24,31,34,34
POST,feedbacks/[POST_XSS_POST_COMMENT],3683,3683,9,9.488142809934418,1.2097789999643282,76.73022700009824,1878.69372793918,0.8744088587201291,0.8744088587201291,9,10,11,11,16,22,34,50,69,77,77
GET,file_download/[GET_DT_FILE_DOWNLOAD_ID],1504,1017,8,12.251113884980455,1.7990390001614287,51.7904510002154,25957.692819148935,0.3570760042126186,0.24145365444430392,8,12,17,22,28,31,37,41,52,52,52
GET,file_download/[GET_DT_FILE_DOWNLOAD_NAME],1504,1019,8,11.463068801194133,1.9685390002450731,49.06656599996495,25851.184840425532,0.3570760042126186,0.2419284895562888,8,12,16,20,26,30,35,39,48,49,49
GET,file_download/[GET_DT_GET_QUERY],2565,1737,8,12.11035667212259,1.6666559999976016,52.47980700005428,25877.905263157896,0.6089760311205895,0.41239429475885536,8,12,18,22,27,31,35,39,49,52,52
GET,file_download/[GET_FILE_DOWNLOAD_ENUM_QUERY],1341,629,7,9.551801127501559,1.3237459997981205,54.085861000203295,42548.67337807606,0.3183769425858521,0.14933564271924007,7,10,13,17,22,25,30,37,54,54,54
GET,file_system_access_challenge/[GET_DT_ADMIN_FILE_SYSTEM_QUERY],2997,2997,8,11.827686618617937,1.659333000134211,51.32889399965279,1438.7630964297632,0.7115404153093204,0.7115404153093204,8,12,18,21,25,29,32,36,47,51,51
GET,ftp_access/[GET_DT_FTP_ACCESS],4616,4606,4,4.532404412694384,1.078544000392867,38.617361999968125,699.1984402079722,1.0959194384610687,1.0935452629011444,4,5,5,6,7,9,13,16,24,39,39
GET,ftp_access/[GET_DT_FTP_ACCESS_KNOWN_FILE],4616,3059,4,6.956846068458915,1.0419440000077884,38.34779999988314,27039.10875216638,1.0959194384610687,0.7262603037808512,4,6,10,13,16,19,22,25,31,38,38
GET,ftp_access/[GET_DT_GET_PATH_INJECT],1889,1888,4,3.9870042594021786,1.0570630001893733,33.90580199993565,568.4171519322393,0.4484817632697051,0.4482443457137127,4,4,5,5,7,8,12,15,33,34,34
GET,image_loader/[GET_DT_GET_QUERY],2642,1763,8,12.352580042397056,1.655069999742409,53.80168300007426,26670.47388342165,0.6272571829320068,0.4185671512146586,8,12,19,22,27,32,36,38,53,54,54
PUT,manage_product/[PUT_SQLi_PRODUCT_UPDATE_PUT],1083,1083,3,3.2510883887263655,1.171832999716571,20.339433000117424,23.0,0.25712321313980446,0.25712321313980446,3,4,4,4,5,6,7,10,18,20,20
POST,memories/[POST_SQLi_MEMORY_CREATE],1031,1031,4,5.96084237536002,1.1243999999805965,50.59934800010524,28.947623666343357,0.24477750022819797,0.24477750022819797,4,6,8,8,10,12,20,34,45,51,51
POST,memories/[POST_XSS_MEMORY_CREATE_POST],1179,1179,8,8.135129212889506,1.1995370000477124,61.66540799995346,29.133163698049195,0.279915298515078,0.279915298515078,8,9,9,9,13,19,35,46,60,62,62
DELETE,memory_detail/[DELETE_DT_MEMORY_DELETE_PATH],1507,1507,4,3.6654600723267,1.1467630001789075,35.736201999952755,23.0,0.35778825688059585,0.35778825688059585,4,4,4,5,5,6,8,11,21,36,36
GET,memory_detail/[GET_MEMORY_ENUM_GET],1377,1377,9,9.70912287727225,1.068552999640815,45.40675899988855,2468.265068990559,0.3269239746015796,0.3269239746015796,9,12,13,14,17,20,23,25,41,45,45
GET,memory_detail/[GET_MEMORY_ENUM_NONEXISTENT_GET],1377,1377,7,8.085240909947663,0.9904519993142458,37.1915240002636,2473.6899055918666,0.3269239746015796,0.3269239746015796,7,9,11,12,15,18,21,23,30,37,37
GET,memory_detail/[GET_SQLi_MEMORY_ID_PATH],1031,1031,9,11.110197627548146,1.214250999964861,60.09204199972373,2369.1183317167797,0.24477750022819797,0.24477750022819797,9,13,14,16,21,28,38,43,58,60,60
GET,order/[GET_ORDER_ENUM_GET],2714,2714,9,9.897106841944444,1.0200419992543175,38.9722959998835,2498.059690493736,0.644351246963462,0.644351246963462,9,12,13,14,18,21,25,28,35,39,39
GET,order/[GET_ORDER_ENUM_NONEXISTENT_GET],2714,2714,7,7.8748673493031625,0.9756159997778013,32.03946000030555,2503.5578481945468,0.644351246963462,0.644351246963462,7,9,11,12,14,17,20,22,30,32,32
POST,password_reset/[POST_CSRF_PASSWORD_RESET_NO_TOKEN_POST],2426,2426,15,14.14531064014458,1.1924070004170062,40.95909099942219,2513.5111294311623,0.5759749908376414,0.5759749908376414,15,17,19,20,23,26,29,31,38,41,41
POST,password_reset/[POST_USER_ENUM_PASSWORD_RESET_NONEXISTENT_POST],4242,4242,9,9.74990740971316,1.0598899998512934,42.07788999974582,2514.7161716171618,1.007125272519899,1.007125272519899,9,11,13,14,17,20,22,25,34,42,42
POST,password_reset/[POST_USER_ENUM_PASSWORD_RESET_POST],4242,4242,11,12.027581496221543,1.1186080000697984,47.6998869999079,2514.7161716171618,1.007125272519899,1.007125272519899,11,15,17,18,21,24,27,30,38,48,48
POST,place_order/[POST_PLACE_ORDER_NO_TOKEN_POST],2444,2444,15,14.292311782324424,1.1552739997569006,43.397832999289676,2493.3698854337154,0.5802485068455052,0.5802485068455052,15,18,19,20,23,26,30,32,36,43,43
GET,privacy_request/[GET_PRIVACY_REQ_ENUM_GET],1321,1321,4,4.714892099164307,1.0749849998319405,29.159674999391427,833.3497350492052,0.3136285914660034,0.3136285914660034,4,5,6,6,9,12,14,17,26,29,29
GET,privacy_request/[GET_PRIVACY_REQ_ENUM_NONEXISTENT_GET],1321,1321,4,4.241474847843521,0.98897499992745,31.408318000103463,833.3497350492052,0.3136285914660034,0.3136285914660034,4,5,5,6,7,10,14,17,26,31,31
GET,privacy_request/[GET_SQLi_PRIVACY_REQ_ID_PATH],1066,1066,5,6.493189788939188,1.1959539997405955,51.51123699988602,760.1219512195122,0.2530871146879331,0.2530871146879331,5,6,7,8,13,21,30,35,47,52,52
POST,privacy_requests/[POST_SQLi_PRIVACY_REQ_CREATE],1066,1066,5,7.180852391180933,1.1285770001450146,52.46397499968225,832.2317073170732,0.2530871146879331,0.2530871146879331,5,8,9,9,12,17,32,41,46,52,52
POST,privacy_requests/[POST_SUBMIT_PRIVACY_REQ_NO_TOKEN_POST],1222,1222,8,7.742764157127301,1.2130420000175945,54.86824499985232,841.531914893617,0.2901242534227526,0.2901242534227526,8,9,10,10,11,15,20,22,29,55,55
POST,privacy_requests/[POST_XSS_PRIVACY_REQ_POST],1227,1227,8,8.397811936434426,1.303436999933183,58.546735999698285,840.516707416463,0.29131134120271474,0.29131134120271474,8,9,10,10,13,17,28,40,56,59,59
GET,product_details/[GET_DT_GET_QUERY],2591,2591,8,11.43435666885366,1.6103420002764324,45.41542000015397,1339.3110768043227,0.6151488875763927,0.6151488875763927,8,11,16,20,25,28,33,35,44,45,45
GET,product_details/[GET_PRODUCT_ENUM_GET],2845,2845,9,9.69309656274545,1.024961999974039,41.56401599993842,2493.9652021089632,0.6754529467984707,0.6754529467984707,9,12,13,14,18,20,24,27,34,42,42
GET,product_details/[GET_PRODUCT_ENUM_NONEXISTENT_GET],2845,2845,7,7.953697462568473,0.9748819993546931,32.63664199948835,2499.2797891036907,0.6754529467984707,0.6754529467984707,7,9,11,12,14,17,21,23,28,33,33
GET,product_details/[GET_SQLi_FUZZ_PATH],3245,3245,10,11.422540959017152,1.1864849998346472,65.88511100017058,2420.1013867488446,0.7704199691954436,0.7704199691954436,10,13,15,16,21,27,37,42,60,66,66
GET,product_details/[GET_SQLi_FUZZ_QUERY_ID],3245,3245,6,8.964368318030688,1.4030649999767775,61.41240300030404,1484.9734976887519,0.7704199691954436,0.7704199691954436,6,9,12,14,21,25,34,42,53,61,61
POST,product_reviews_by_id/[POST_SUBMIT_REVIEW_NO_TOKEN_POST],1260,1260,15,14.240915394438998,1.2642210003832588,35.703783999451844,2510.246031746032,0.299146120550465,0.299146120550465,15,18,19,20,23,26,30,32,35,36,36
POST,product_reviews_by_id/[POST_XSS_PRODUCT_REVIEW_POST],3676,3676,15,14.59699676197432,1.2012140000479121,81.64759900000718,2522.6033732317737,0.8727469358281821,0.8727469358281821,15,17,19,20,23,27,37,51,76,82,82
GET,product_search/[GET_SQLi_FUZZ_GET],5282,3329,7,12.737869537105308,1.4561039997715852,145.23115900010453,4487.849110185536,1.254039530752029,0.790363043898808,7,12,19,22,31,39,50,60,83,150,150
GET,product_search/[GET_XSS_FUZZ_GET],6096,5584,8,12.354336753609552,1.980231000288768,156.99162500004604,1039.6758530183727,1.4472974213298688,1.3257396326617434,8,11,14,17,25,34,50,62,140,160,160
POST,profile_image_url_upload/[POST_DT_PROFILE_IMAGE_URL_POST],2987,2987,12,12.55632508436037,1.067806999799359,50.66686400004983,898.6498158687647,0.7091662397493961,0.7091662397493961,12,15,16,17,20,23,26,28,42,51,51
POST,profile_image_url_upload/[POST_XSS_PROFILE_IMAGE_URL],1160,1160,18,18.237385864658556,1.346614000340196,89.45455599996421,898.0224137931034,0.2754043649512218,0.2754043649512218,18,22,24,26,30,34,44,57,85,89,89
GET,security_question_by_id/[GET_SEC_QUESTION_ENUM_GET],1357,1357,4,4.827654022105189,1.0786960001496482,28.83357100017747,840.5246868091378,0.322175623481731,0.322175623481731,4,5,6,6,9,12,15,18,25,29,29
GET,security_question_by_id/[GET_SEC_QUESTION_ENUM_NONEXISTENT_GET],1357,1357,4,4.307258518789359,1.037709999764047,42.17676999996911,840.5246868091378,0.322175623481731,0.322175623481731,4,5,5,6,8,11,14,16,24,42,42
GET,track_order/[GET_SQLi_TRACK_ORDER_PATH],3258,1545,9,10.49830422160348,1.1082179998993524,60.43098500003907,860.3241252302025,0.7735063974233453,0.3668101240083083,9,12,13,15,19,27,36,41,55,60,60
POST,track_order_result/[POST_SQLi_TRACK_ORDER_POST_ID],3258,3258,9,10.784536202886784,1.1475999999674968,57.768727999700786,2483.1104972375692,0.7735063974233453,0.7735063974233453,9,12,14,16,19,23,33,38,54,58,58
PUT,update_product/[PUT_CSRF_UPDATE_PRODUCT_NO_TOKEN_PUT],1275,1275,4,3.5464297098113486,1.1590890003390086,24.994457000502734,23.0,0.3027073838903515,0.3027073838903515,4,4,4,4,5,5,6,11,25,25,25
POST,user_login/[POST_SQLi_EMAIL_POST],2176,2166,15,16.62660718244367,1.1677980000968091,109.45552699968175,369.30101102941177,0.5166206018395333,0.5142464262796089,15,19,21,23,30,40,53,62,87,110,110
POST,user_login/[POST_SQLi_PASSWORD_POST],2176,2176,12,14.475028530336541,1.058346999798232,87.82257299981211,25.576746323529413,0.5166206018395333,0.5166206018395333,12,15,18,20,27,41,51,60,78,88,88
POST,user_login/[POST_USER_ENUM_LOGIN_NONEXISTENT_POST],4046,4046,12,13.872078563764504,1.0399279999546707,71.58884999989823,25.610726643598618,0.9605914315453822,0.9605914315453822,12,16,19,20,26,32,39,45,62,72,72
POST,user_login/[POST_USER_ENUM_LOGIN_POST],4046,4046,15,15.445129309193755,1.1761349996959325,75.54765999975643,25.610726643598618,0.9605914315453822,0.9605914315453822,15,18,21,23,29,35,41,46,60,76,76
DELETE,user_profile/[DELETE_USER_ENUM_DELETE],1402,1402,2,2.7980807689068317,1.055841000379587,24.30824200018833,23.0,0.3328594135013905,0.3328594135013905,3,3,4,4,4,5,6,7,19,24,24
DELETE,user_profile/[DELETE_USER_ENUM_DELETE_NONEXISTENT],1402,1402,2,2.5281282446556776,1.01706599980389,21.62575999955152,23.0,0.3328594135013905,0.3328594135013905,2,3,3,4,4,4,5,7,21,22,22
PUT,user_profile/[PUT_XSS_PROFILE_UPDATE_PUT],1227,1227,4,3.4447695362554756,1.162510999620281,19.722412999726657,23.0,0.29131134120271474,0.29131134120271474,4,4,4,4,5,6,7,8,16,20,20
PUT,user_profile_update/[PUT_USER_PROFILE_UPDATE_NO_TOKEN_PUT],2474,2474,4,3.558688817302674,1.1205719997633423,22.029128999747627,23.0,0.5873710335252782,0.5873710335252782,4,4,4,4,5,5,7,9,21,22,22
POST,user_register/[POST_XSS_EMAIL_POST],2418,1365,25,27.32083570595771,1.2039820003337809,201.55676699960168,426.5078577336642,0.574075650389702,0.32407496392967045,25,32,36,39,49,59,73,89,150,200,200
POST,user_register/[POST_XSS_SECURITY_ANSWER_POST],2418,535,22,24.21620863978269,1.0937570000351116,174.94331599982615,292.3908188585608,0.574075650389702,0.12701839245595142,22,28,31,34,44,53,73,89,130,170,170
,Aggregated,282764,242248,7,10.44162070334244,0.9518939996269182,627.5378730000511,6443.341125461516,67.1331378026442,57.513928104054806,7,11,14,16,21,28,39,48,90,450,630
